NAME	= profile
DESCRIPTION	= 
UNIT	= 
DATAFORMAT	= FLOAT
DATAFILE_OFFSET	= 0
BYTEORDER_BIG	= FALSE
TOPTOBOTTOM	= FALSE
POSITION_XMIN	= 583119.3693999999668449
POSITION_YMIN	= 5081253.7481000004336238
CELLCOUNT_X	= 1695
CELLCOUNT_Y	= 2512
CELLSIZE	= 5.0000000000000000
Z_FACTOR	= 1.000000
Z_OFFSET	= 0.000000
NODATA_VALUE	= -99999.000000;-99999.000000
