NAME	= ndvi0
DESCRIPTION	= 
UNIT	= 
DATAFORMAT	= FLOAT
DATAFILE_OFFSET	= 0
BYTEORDER_BIG	= FALSE
TOPTOBOTTOM	= FALSE
POSITION_XMIN	= 583116.8780826727161184
POSITION_YMIN	= 5081261.3119952790439129
CELLCOUNT_X	= 848
CELLCOUNT_Y	= 1256
CELLSIZE	= 9.9998449590908880
Z_FACTOR	= 1.000000
Z_OFFSET	= 0.000000
NODATA_VALUE	= -99999.000000;-99999.000000
